t1
   0.10000   0.30000   0.50000
   0.20000   0.40000   0.60000

t2
   0.70000   1.10000   1.50000
   0.80000   1.20000   1.60000
   0.90000   1.30000   1.70000
   1.00000   1.40000   1.80000

X
   1.00000   0.54030  -0.41615
   1.00000  -0.98999  -0.65364
   1.00000   0.28366   0.96017

y
   4
   2
   3

   1.00000   0.51350   0.54151
   0.88866   0.90743   0.92330   0.93665
   1.00000   0.37196   0.35705
   0.83818   0.86028   0.87980   0.89692
   1.00000   0.66042   0.70880
   0.92341   0.93858   0.95090   0.96085
J = -5.9752
grad =

   0
   0
   0
   0
   0
   0
   0
   0
   0
   0
   0
   0
   0
   0
   0
   0
   0
   0

